1 2 3 4 5 6 7 8 9 10
3 1 3 2 1 3 4 2 4 1
21 22 23 24 25 26 27 28 29 30
2 4 2 4 4 4 3 2 1 3
41 42 43 44 45 46 47 48 49 50
1 2 2 3 4 2 3 A 2 4
61 62 63 64 65 66 67 68 69 70
2 2 2 1 2 4 3 3 2 4
81 82 83 84 85 86 87 88 89 90
2 3 1 A 1 2 3 4 1 2
101 102 103 104 105 106 107 108 109 110
4 1 2 2 A 1 2 3 2 3
121 122 123 124 125 126 127 128 129 130
3 1 2 2 3 4 3 1 3 2
141 142 143 144 145 146 147 148 149 150
3 4 3 1 2 3 3 A 4 3
161 162 163 164 165 166 167 168 169 170
4 1 1 4 2 2 1 2 1 2
181 182 183 184 185 186 187 188 189 190
4 3 2 1 1 1 2 A 3 3
201 202 203 204 205 206 207 208 209 210
3 4 2 4 4 3 4 2 2 1
221 222 223 224 225 226 227 228 229 230
4 3 1 4 1 2 2 3 1 3
11 12 13 14 15 16 17 18 19 20
2 4 3 2 1 3 2 2 4 4
31 32 33 34 35 36 37 38 39 40
2 1 4 1 1 1 2 2 1 4
51 52 53 54 55 56 57 58 59 60
1 4 1 2 2 4 4 4 4 2
71 72 73 74 75 76 77 78 79 80
2 3 3 2 1 1 3 1 4 2
91 92 93 94 95 96 97 98 99 100
1 2 4 3 1 3 3 2 4 4
111 112 113 114 115 116 117 118 119 120
4 1 2 1 2 3 3 2 2 3
131 132 133 134 135 136 137 138 139 140
1 4 3 1 4 3 2 A 4 1
151 152 153 154 155 156 157 158 159 160
1 3 3 1 1 4 1 2 4 4
171 172 173 174 175 176 177 178 179 180
1 2 2 4 2 3 3 A 3 4
191 192 193 194 195 196 197 198 199 200
4 3 4 3 1 A 2 4 1 4
211 212 213 214 215 216 217 218 219 220
1 3 2 4 4 2 3 3 3 1
231 232 233 234 235
3 A 1 2 4